NAME: HARDIK GOEL
ENROLLMENT NUMBER: 03416403223
COMPUTATIONAL METHODS
command used: g++ main.cpp cf.c -lm -o final

  No. |                         x |          Calculated Value |                True Value |            Absolute Error |            Relative Error
---------------------------------------------------------------------------------------------------------------------------------------
exp(x)
    1 | 0.000000000000000000e+000 | 1.000000000000000000e+000 | 1.000000000000000000e+000 | 0.000000000000000000e+000 | 0.000000000000000000e+000
    2 | 1.000000000000000056e-001 | 1.105170918075647631e+000 | 1.105170918075647631e+000 | 0.000000000000000000e+000 | 0.000000000000000000e+000
    3 | 5.235987755982988157e-001 | 1.688091794964468504e+000 | 1.688091794964468504e+000 | 0.000000000000000000e+000 | 0.000000000000000000e+000
    4 | 2.999999999999999889e-001 | 1.349858807576003089e+000 | 1.349858807576003089e+000 | 0.000000000000000000e+000 | 0.000000000000000000e+000
    5 | 1.570796326794896558e+000 | 4.810477380965351361e+000 | 4.810477380965351361e+000 | 0.000000000000000000e+000 | 0.000000000000000000e+000
    6 | 3.141592653589793116e+000 | 2.314069263277926617e+001 | 2.314069263277926617e+001 | 0.000000000000000000e+000 | 0.000000000000000000e+000
    7 | 4.712388980384689674e+000 | 1.113177784898562056e+002 | 1.113177784898562056e+002 | 0.000000000000000000e+000 | 0.000000000000000000e+000
    8 | 1.000000000000000000e+000 | 2.718281828459045235e+000 | 2.718281828459045235e+000 | 0.000000000000000000e+000 | 0.000000000000000000e+000
---------------------------------------------------------------------------------------------------------------------------------------
cos(x)
    1 | 0.000000000000000000e+000 | 1.000000000000000000e+000 | 1.000000000000000000e+000 | 0.000000000000000000e+000 | 0.000000000000000000e+000
    2 | 1.000000000000000056e-001 | 9.950041652780257655e-001 | 9.950041652780258206e-001 | 0.000000000000000000e+000 | 0.000000000000000000e+000
    3 | 5.235987755982988157e-001 | 8.660254037844386755e-001 | 8.660254037844387076e-001 | 0.000000000000000000e+000 | 0.000000000000000000e+000
    4 | 2.999999999999999889e-001 | 9.553364891256060229e-001 | 9.553364891256059810e-001 | 0.000000000000000000e+000 | 0.000000000000000000e+000
    5 | 1.570796326794896558e+000 | 0.000000000000000000e+000 | 6.123031769111886291e-017 | 6.123031769111886291e-017 | 1.000000000000000000e+000
    6 | 3.141592653589793116e+000 | -9.999999999999999999e-001 | -1.000000000000000000e+000 | 0.000000000000000000e+000 | 0.000000000000000000e+000
    7 | 4.712388980384689674e+000 | 0.000000000000000000e+000 | -1.836909530733565887e-016 | 1.836909530733565887e-016 | 1.000000000000000000e+000
    8 | 1.000000000000000000e+000 | 5.403023058681397175e-001 | 5.403023058681397650e-001 | 0.000000000000000000e+000 | 0.000000000000000000e+000
---------------------------------------------------------------------------------------------------------------------------------------

sin(x)
    1 | 0.000000000000000000e+000 | 0.000000000000000000e+000 | 0.000000000000000000e+000 | 0.000000000000000000e+000 |                       nan
    2 | 1.000000000000000056e-001 | 9.983341664682815783e-002 | 9.983341664682815475e-002 | 0.000000000000000000e+000 | 0.000000000000000000e+000
    3 | 5.235987755982988157e-001 | 4.999999999999999502e-001 | 4.999999999999999445e-001 | 0.000000000000000000e+000 | 0.000000000000000000e+000
    4 | 2.999999999999999889e-001 | 2.955202066613395645e-001 | 2.955202066613395462e-001 | 0.000000000000000000e+000 | 0.000000000000000000e+000
    5 | 1.570796326794896558e+000 | 1.000000000000000000e+000 | 1.000000000000000000e+000 | 0.000000000000000000e+000 | 0.000000000000000000e+000
    6 | 3.141592653589793116e+000 | 0.000000000000000000e+000 | 1.224606353822377258e-016 | 1.224606353822377258e-016 | 1.000000000000000000e+000
    7 | 4.712388980384689674e+000 | -1.000000000000000000e+000 | -1.000000000000000000e+000 | 0.000000000000000000e+000 | 0.000000000000000000e+000
    8 | 1.000000000000000000e+000 | 8.414709848078965066e-001 | 8.414709848078965049e-001 | 0.000000000000000000e+000 | 0.000000000000000000e+000
---------------------------------------------------------------------------------------------------------------------------------------

tan(x)
    1 | 0.000000000000000000e+000 | 0.000000000000000000e+000 | 0.000000000000000000e+000 | 0.000000000000000000e+000 |                       nan
    2 | 1.000000000000000056e-001 | 1.003346720854505507e-001 | 1.003346720854505492e-001 | 0.000000000000000000e+000 | 0.000000000000000000e+000
    3 | 5.235987755982988157e-001 | 5.773502691896256879e-001 | 5.773502691896257311e-001 | 0.000000000000000000e+000 | 0.000000000000000000e+000
    4 | 2.999999999999999889e-001 | 3.093362496096232209e-001 | 3.093362496096232483e-001 | 0.000000000000000000e+000 | 0.000000000000000000e+000
1.570796326794896558e+000                 INFINITY                 INFINITY                      N/A                      N/A
    6 | 3.141592653589793116e+000 | -0.000000000000000000e+000 | -1.224606353822377258e-016 | 1.224606353822377258e-016 | 1.000000000000000000e+000
4.712388980384689674e+000                 INFINITY                 INFINITY                      N/A                      N/A
    8 | 1.000000000000000000e+000 | 1.557407724654902230e+000 | 1.557407724654902292e+000 | 0.000000000000000000e+000 | 0.000000000000000000e+000
---------------------------------------------------------------------------------------------------------------------------------------

cosec(x)
0.000000000000000000e+000                 INFINITY                 INFINITY                      N/A                      N/A
    2 | 1.000000000000000056e-001 | 1.001668613163477610e+001 | 1.001668613163477640e+001 | 0.000000000000000000e+000 | 0.000000000000000000e+000
    3 | 5.235987755982988157e-001 | 2.000000000000000199e+000 | 2.000000000000000222e+000 | 0.000000000000000000e+000 | 0.000000000000000000e+000
    4 | 2.999999999999999889e-001 | 3.383863361824122706e+000 | 3.383863361824122916e+000 | 4.440892098500626162e-016 | 1.312373350709614900e-016
    5 | 1.570796326794896558e+000 | 1.000000000000000000e+000 | 1.000000000000000000e+000 | 0.000000000000000000e+000 | 0.000000000000000000e+000
3.141592653589793116e+000                 INFINITY                 INFINITY                      N/A                      N/A
    7 | 4.712388980384689674e+000 | -1.000000000000000000e+000 | -1.000000000000000000e+000 | 0.000000000000000000e+000 | 0.000000000000000000e+000
    8 | 1.000000000000000000e+000 | 1.188395105778121216e+000 | 1.188395105778121219e+000 | 0.000000000000000000e+000 | 0.000000000000000000e+000
---------------------------------------------------------------------------------------------------------------------------------------

sec(x)
    1 | 0.000000000000000000e+000 | 1.000000000000000000e+000 | 1.000000000000000000e+000 | 0.000000000000000000e+000 | 0.000000000000000000e+000
    2 | 1.000000000000000056e-001 | 1.005020918400455429e+000 | 1.005020918400455373e+000 | 2.220446049250313081e-016 | 2.209353067779198224e-016
    3 | 5.235987755982988157e-001 | 1.154700538379251491e+000 | 1.154700538379251448e+000 | 0.000000000000000000e+000 | 0.000000000000000000e+000
    4 | 2.999999999999999889e-001 | 1.046751601538085597e+000 | 1.046751601538085643e+000 | 0.000000000000000000e+000 | 0.000000000000000000e+000
1.570796326794896558e+000                 INFINITY                 INFINITY                      N/A                      N/A
    6 | 3.141592653589793116e+000 | -1.000000000000000000e+000 | -1.000000000000000000e+000 | 0.000000000000000000e+000 | 0.000000000000000000e+000
4.712388980384689674e+000                 INFINITY                 INFINITY                      N/A                      N/A
    8 | 1.000000000000000000e+000 | 1.850815717680925618e+000 | 1.850815717680925455e+000 | 2.220446049250313081e-016 | 1.199712120465745191e-016
---------------------------------------------------------------------------------------------------------------------------------------

cot(x)
0.000000000000000000e+000                 INFINITY                 INFINITY                      N/A                      N/A
    2 | 1.000000000000000056e-001 | 9.966644423259237304e+000 | 9.966644423259237452e+000 | 0.000000000000000000e+000 | 0.000000000000000000e+000
    3 | 5.235987755982988157e-001 | 1.732050807568877523e+000 | 1.732050807568877394e+000 | 0.000000000000000000e+000 | 0.000000000000000000e+000
    4 | 2.999999999999999889e-001 | 3.232728143765827641e+000 | 3.232728143765827354e+000 | 0.000000000000000000e+000 | 0.000000000000000000e+000
    5 | 1.570796326794896558e+000 | 0.000000000000000000e+000 | 6.123031769111886231e-017 | 6.123031769111886291e-017 | 1.000000000000000000e+000
3.141592653589793116e+000                 INFINITY                 INFINITY                      N/A                      N/A
    7 | 4.712388980384689674e+000 | -0.000000000000000000e+000 | 1.836909530733565757e-016 | 1.836909530733565641e-016 | 1.000000000000000000e+000
    8 | 1.000000000000000000e+000 | 6.420926159343307032e-001 | 6.420926159343306775e-001 | 1.110223024625156540e-016 | 1.729069914640948605e-016
---------------------------------------------------------------------------------------------------------------------------------------
ln(x)
    1 | 0.000000000000000000e+000 |                      -inf |                      -inf |                       nan |                       nan
    2 | 1.000000000000000056e-001 | -2.302585092994045621e+000 | -2.302585092994045457e+000 | 0.000000000000000000e+000 | 0.000000000000000000e+000
    3 | 5.235987755982988157e-001 | -6.470295833786549347e-001 | -6.470295833786549045e-001 | 0.000000000000000000e+000 | 0.000000000000000000e+000
    4 | 2.999999999999999889e-001 | -1.203972804325936027e+000 | -1.203972804325936119e+000 | 0.000000000000000000e+000 | 0.000000000000000000e+000
    5 | 1.570796326794896558e+000 | 4.515827052894548253e-001 | 4.515827052894548221e-001 | 0.000000000000000000e+000 | 0.000000000000000000e+000
    6 | 3.141592653589793116e+000 | 1.144729885849400135e+000 | 1.144729885849400164e+000 | 0.000000000000000000e+000 | 0.000000000000000000e+000
    7 | 4.712388980384689674e+000 | 1.550194993957564517e+000 | 1.550194993957564549e+000 | 0.000000000000000000e+000 | 0.000000000000000000e+000
    8 | 1.000000000000000000e+000 | 0.000000000000000000e+000 | 0.000000000000000000e+000 | 0.000000000000000000e+000 |                       nan
---------------------------------------------------------------------------------------------------------------------------------------
Log(x)
    1 | 0.000000000000000000e+000 |                      -inf |                      -inf |                       nan |                       nan
    2 | 1.000000000000000056e-001 | -9.999999999999999726e-001 | -1.000000000000000000e+000 | 0.000000000000000000e+000 | 0.000000000000000000e+000
    3 | 5.235987755982988157e-001 | -2.810013776895098250e-001 | -2.810013776895098347e-001 | 0.000000000000000000e+000 | 0.000000000000000000e+000
    4 | 2.999999999999999889e-001 | -5.228787452803375777e-001 | -5.228787452803376201e-001 | 0.000000000000000000e+000 | 0.000000000000000000e+000
    5 | 1.570796326794896558e+000 | 1.961198770301526420e-001 | 1.961198770301526284e-001 | 0.000000000000000000e+000 | 0.000000000000000000e+000
    6 | 3.141592653589793116e+000 | 4.971498726941338373e-001 | 4.971498726941338542e-001 | 0.000000000000000000e+000 | 0.000000000000000000e+000
    7 | 4.712388980384689674e+000 | 6.732411317498150794e-001 | 6.732411317498150360e-001 | 0.000000000000000000e+000 | 0.000000000000000000e+000
    8 | 1.000000000000000000e+000 | 0.000000000000000000e+000 | 0.000000000000000000e+000 | 0.000000000000000000e+000 |                       nan
---------------------------------------------------------------------------------------------------------------------------------------
Lg(x)
    1 | 0.000000000000000000e+000 |                      -inf |                      -inf |                       nan |                       nan
    2 | 1.000000000000000056e-001 | -3.321928094887362257e+000 | -3.321928094887362182e+000 | 0.000000000000000000e+000 | 0.000000000000000000e+000
    3 | 5.235987755982988157e-001 | -9.334663712488375392e-001 | -9.334663712488375786e-001 | 0.000000000000000000e+000 | 0.000000000000000000e+000
    4 | 2.999999999999999889e-001 | -1.736965594166206216e+000 | -1.736965594166206328e+000 | 2.220446049250313081e-016 | 1.278347744312224636e-016
    5 | 1.570796326794896558e+000 | 6.514961294723187412e-001 | 6.514961294723187191e-001 | 0.000000000000000000e+000 | 0.000000000000000000e+000
    6 | 3.141592653589793116e+000 | 1.651496129472318741e+000 | 1.651496129472318719e+000 | 0.000000000000000000e+000 | 0.000000000000000000e+000
    7 | 4.712388980384689674e+000 | 2.236458630193474923e+000 | 2.236458630193475017e+000 | 0.000000000000000000e+000 | 0.000000000000000000e+000
    8 | 1.000000000000000000e+000 | 0.000000000000000000e+000 | 0.000000000000000000e+000 | 0.000000000000000000e+000 |                       nan
---------------------------------------------------------------------------------------------------------------------------------------
arctan(x)
    1 | 0.000000000000000000e+000 | 0.000000000000000000e+000 | 0.000000000000000000e+000 | 0.000000000000000000e+000 |                       nan
    2 | 1.000000000000000056e-001 | 9.966865249116203287e-002 | 9.966865249116203807e-002 | 0.000000000000000000e+000 | 0.000000000000000000e+000
    3 | 5.235987755982988157e-001 | 4.823479071010249303e-001 | 4.823479071010249308e-001 | 0.000000000000000000e+000 | 0.000000000000000000e+000
    4 | 2.999999999999999889e-001 | 2.914567944778670818e-001 | 2.914567944778670983e-001 | 0.000000000000000000e+000 | 0.000000000000000000e+000
    5 | 1.570796326794896558e+000 | 1.003884821853887197e+000 | 1.003884821853887166e+000 | 0.000000000000000000e+000 | 0.000000000000000000e+000
    6 | 3.141592653589793116e+000 | 1.262627255678911672e+000 | 1.262627255678911764e+000 | 0.000000000000000000e+000 | 0.000000000000000000e+000
    7 | 4.712388980384689674e+000 | 1.361691682971163531e+000 | 1.361691682971163608e+000 | 0.000000000000000000e+000 | 0.000000000000000000e+000
    8 | 1.000000000000000000e+000 | 7.853981633974483096e-001 | 7.853981633974482790e-001 | 0.000000000000000000e+000 | 0.000000000000000000e+000
---------------------------------------------------------------------------------------------------------------------------------------
arcsin(x)
    1 | 0.000000000000000000e+000 | 0.000000000000000000e+000 | 0.000000000000000000e+000 | 0.000000000000000000e+000 |                       nan
    2 | 1.000000000000000056e-001 | 1.001674211615598019e-001 | 1.001674211615598019e-001 | 0.000000000000000000e+000 | 0.000000000000000000e+000
    3 | 5.235987755982988157e-001 | 5.510695830994463014e-001 | 5.510695830994463011e-001 | 0.000000000000000000e+000 | 0.000000000000000000e+000
    4 | 2.999999999999999889e-001 | 3.046926540153974964e-001 | 3.046926540153974963e-001 | 0.000000000000000000e+000 | 0.000000000000000000e+000
    5 | 1.570796326794896558e+000 |                       nan |                       nan |                       nan |                       nan
    6 | 3.141592653589793116e+000 |                       nan |                       nan |                       nan |                       nan
    7 | 4.712388980384689674e+000 |                       nan |                       nan |                       nan |                       nan
    8 | 1.000000000000000000e+000 | 1.570796326794896619e+000 | 1.570796326794896619e+000 | 0.000000000000000000e+000 | 0.000000000000000000e+000
---------------------------------------------------------------------------------------------------------------------------------------
arccos(x)
    1 | 0.000000000000000000e+000 | 1.570796326794896619e+000 | 1.570796326794896619e+000 | 0.000000000000000000e+000 | 0.000000000000000000e+000
    2 | 1.000000000000000056e-001 | 1.470628905633336817e+000 | 1.470628905633336817e+000 | 0.000000000000000000e+000 | 0.000000000000000000e+000
    3 | 5.235987755982988157e-001 | 1.019726743695450318e+000 | 1.019726743695450318e+000 | 0.000000000000000000e+000 | 0.000000000000000000e+000
    4 | 2.999999999999999889e-001 | 1.266103672779499123e+000 | 1.266103672779499123e+000 | 0.000000000000000000e+000 | 0.000000000000000000e+000
    5 | 1.570796326794896558e+000 |                       nan |                       nan |                       nan |                       nan
    6 | 3.141592653589793116e+000 |                       nan |                       nan |                       nan |                       nan
    7 | 4.712388980384689674e+000 |                       nan |                       nan |                       nan |                       nan
    8 | 1.000000000000000000e+000 | 0.000000000000000000e+000 | 0.000000000000000000e+000 | 0.000000000000000000e+000 |                       nan
---------------------------------------------------------------------------------------------------------------------------------------
arccosec(x)
    1 | 0.000000000000000000e+000 |                       nan |                       nan |                       nan |                       nan
    2 | 1.000000000000000056e-001 |                       nan |                       nan |                       nan |                       nan
    3 | 5.235987755982988157e-001 |                       nan |                       nan |                       nan |                       nan
    4 | 2.999999999999999889e-001 |                       nan |                       nan |                       nan |                       nan
    5 | 1.570796326794896558e+000 | 6.901070913745399848e-001 | 6.901070913745399604e-001 | 0.000000000000000000e+000 | 0.000000000000000000e+000
    6 | 3.141592653589793116e+000 | 3.239461069319807330e-001 | 3.239461069319807263e-001 | 0.000000000000000000e+000 | 0.000000000000000000e+000
    7 | 4.712388980384689674e+000 | 2.138324258837722974e-001 | 2.138324258837722702e-001 | 2.775557561562891351e-017 | 1.298005926880114143e-016
    8 | 1.000000000000000000e+000 | 1.570796326794896619e+000 | 1.570796326794896558e+000 | 0.000000000000000000e+000 | 0.000000000000000000e+000
---------------------------------------------------------------------------------------------------------------------------------------
arcsec(x)
    1 | 0.000000000000000000e+000 |                       nan |                       nan |                       nan |                       nan
    2 | 1.000000000000000056e-001 |                       nan |                       nan |                       nan |                       nan
    3 | 5.235987755982988157e-001 |                       nan |                       nan |                       nan |                       nan
    4 | 2.999999999999999889e-001 |                       nan |                       nan |                       nan |                       nan
    5 | 1.570796326794896558e+000 | 8.806892354203566345e-001 | 8.806892354203566350e-001 | 0.000000000000000000e+000 | 0.000000000000000000e+000
    6 | 3.141592653589793116e+000 | 1.246850219862915886e+000 | 1.246850219862915886e+000 | 0.000000000000000000e+000 | 0.000000000000000000e+000
    7 | 4.712388980384689674e+000 | 1.356963900911124322e+000 | 1.356963900911124322e+000 | 0.000000000000000000e+000 | 0.000000000000000000e+000
    8 | 1.000000000000000000e+000 | 0.000000000000000000e+000 | 0.000000000000000000e+000 | 0.000000000000000000e+000 |                       nan
---------------------------------------------------------------------------------------------------------------------------------------
sinh(x)
    1 | 0.000000000000000000e+000 | 0.000000000000000000e+000 | 0.000000000000000000e+000 | 0.000000000000000000e+000 |                       nan
    2 | 1.000000000000000056e-001 | 1.001667500198440314e-001 | 1.001667500198440314e-001 | 0.000000000000000000e+000 | 0.000000000000000000e+000
    3 | 5.235987755982988157e-001 | 5.478534738880397430e-001 | 5.478534738880397430e-001 | 0.000000000000000000e+000 | 0.000000000000000000e+000
    4 | 2.999999999999999889e-001 | 3.045202934471426073e-001 | 3.045202934471426073e-001 | 0.000000000000000000e+000 | 0.000000000000000000e+000
    5 | 1.570796326794896558e+000 | 2.301298902307294720e+000 | 2.301298902307294720e+000 | 0.000000000000000000e+000 | 0.000000000000000000e+000
    6 | 3.141592653589793116e+000 | 1.154873935725774696e+001 | 1.154873935725774696e+001 | 0.000000000000000000e+000 | 0.000000000000000000e+000
    7 | 4.712388980384689674e+000 | 5.565439759941753808e+001 | 5.565439759941753808e+001 | 0.000000000000000000e+000 | 0.000000000000000000e+000
    8 | 1.000000000000000000e+000 | 1.175201193643801457e+000 | 1.175201193643801457e+000 | 0.000000000000000000e+000 | 0.000000000000000000e+000
---------------------------------------------------------------------------------------------------------------------------------------
cosh(x)
    1 | 0.000000000000000000e+000 | 1.000000000000000000e+000 | 1.000000000000000000e+000 | 0.000000000000000000e+000 | 0.000000000000000000e+000
    2 | 1.000000000000000056e-001 | 1.005004168055803600e+000 | 1.005004168055803600e+000 | 0.000000000000000000e+000 | 0.000000000000000000e+000
    3 | 5.235987755982988157e-001 | 1.140238321076428761e+000 | 1.140238321076428761e+000 | 0.000000000000000000e+000 | 0.000000000000000000e+000
    4 | 2.999999999999999889e-001 | 1.045338514128860482e+000 | 1.045338514128860482e+000 | 0.000000000000000000e+000 | 0.000000000000000000e+000
    5 | 1.570796326794896558e+000 | 2.509178478658056641e+000 | 2.509178478658056641e+000 | 0.000000000000000000e+000 | 0.000000000000000000e+000
    6 | 3.141592653589793116e+000 | 1.159195327552151921e+001 | 1.159195327552151921e+001 | 0.000000000000000000e+000 | 0.000000000000000000e+000
    7 | 4.712388980384689674e+000 | 5.566338089043866751e+001 | 5.566338089043866751e+001 | 0.000000000000000000e+000 | 0.000000000000000000e+000
    8 | 1.000000000000000000e+000 | 1.543080634815243779e+000 | 1.543080634815243779e+000 | 0.000000000000000000e+000 | 0.000000000000000000e+000
---------------------------------------------------------------------------------------------------------------------------------------
tanh(x)
    1 | 0.000000000000000000e+000 | 0.000000000000000000e+000 | 0.000000000000000000e+000 | 0.000000000000000000e+000 |                       nan
    2 | 1.000000000000000056e-001 | 9.966799462495582264e-002 | 9.966799462495582262e-002 | 0.000000000000000000e+000 | 0.000000000000000000e+000
    3 | 5.235987755982988157e-001 | 4.804727781564515617e-001 | 4.804727781564515617e-001 | 0.000000000000000000e+000 | 0.000000000000000000e+000
    4 | 2.999999999999999889e-001 | 2.913126124515908956e-001 | 2.913126124515908956e-001 | 0.000000000000000000e+000 | 0.000000000000000000e+000
    5 | 1.570796326794896558e+000 | 9.171523356672743367e-001 | 9.171523356672743367e-001 | 0.000000000000000000e+000 | 0.000000000000000000e+000
    6 | 3.141592653589793116e+000 | 9.962720762207499434e-001 | 9.962720762207499434e-001 | 0.000000000000000000e+000 | 0.000000000000000000e+000
    7 | 4.712388980384689674e+000 | 9.998386139886326507e-001 | 9.998386139886326507e-001 | 0.000000000000000000e+000 | 0.000000000000000000e+000
    8 | 1.000000000000000000e+000 | 7.615941559557648881e-001 | 7.615941559557648881e-001 | 0.000000000000000000e+000 | 0.000000000000000000e+000
---------------------------------------------------------------------------------------------------------------------------------------
coth(x)
    1 | 0.000000000000000000e+000 |                       nan |                       inf |                       nan |                       nan
    2 | 1.000000000000000056e-001 | 1.003331113225398905e+001 | 1.003331113225398906e+001 | 0.000000000000000000e+000 | 0.000000000000000000e+000
    3 | 5.235987755982988157e-001 | 2.081283363933637812e+000 | 2.081283363933637812e+000 | 0.000000000000000000e+000 | 0.000000000000000000e+000
    4 | 2.999999999999999889e-001 | 3.432738430321741710e+000 | 3.432738430321741709e+000 | 0.000000000000000000e+000 | 0.000000000000000000e+000
    5 | 1.570796326794896558e+000 | 1.090331410727368242e+000 | 1.090331410727368242e+000 | 0.000000000000000000e+000 | 0.000000000000000000e+000
    6 | 3.141592653589793116e+000 | 1.003741873197321289e+000 | 1.003741873197321289e+000 | 0.000000000000000000e+000 | 0.000000000000000000e+000
    7 | 4.712388980384689674e+000 | 1.000161412061016063e+000 | 1.000161412061016063e+000 | 0.000000000000000000e+000 | 0.000000000000000000e+000
    8 | 1.000000000000000000e+000 | 1.313035285499331304e+000 | 1.313035285499331304e+000 | 0.000000000000000000e+000 | 0.000000000000000000e+000
---------------------------------------------------------------------------------------------------------------------------------------
sech(x)
    1 | 0.000000000000000000e+000 | 1.000000000000000000e+000 | 1.000000000000000000e+000 | 0.000000000000000000e+000 | 0.000000000000000000e+000
    2 | 1.000000000000000056e-001 | 9.950207489532264911e-001 | 9.950207489532264910e-001 | 0.000000000000000000e+000 | 0.000000000000000000e+000
    3 | 5.235987755982988157e-001 | 8.770096404547793128e-001 | 8.770096404547793128e-001 | 0.000000000000000000e+000 | 0.000000000000000000e+000
    4 | 2.999999999999999889e-001 | 9.566279119002482927e-001 | 9.566279119002482927e-001 | 0.000000000000000000e+000 | 0.000000000000000000e+000
    5 | 1.570796326794896558e+000 | 3.985368153383867028e-001 | 3.985368153383867028e-001 | 0.000000000000000000e+000 | 0.000000000000000000e+000
    6 | 3.141592653589793116e+000 | 8.626673833405442522e-002 | 8.626673833405442523e-002 | 0.000000000000000000e+000 | 0.000000000000000000e+000
    7 | 4.712388980384689674e+000 | 1.796513226475200688e-002 | 1.796513226475200688e-002 | 0.000000000000000000e+000 | 0.000000000000000000e+000
    8 | 1.000000000000000000e+000 | 6.480542736638853995e-001 | 6.480542736638853995e-001 | 0.000000000000000000e+000 | 0.000000000000000000e+000
---------------------------------------------------------------------------------------------------------------------------------------
cosech(x)
    1 | 0.000000000000000000e+000 |                       nan |                       inf |                       nan |                       nan
    2 | 1.000000000000000056e-001 | 9.983352757296109079e+000 | 9.983352757296109081e+000 | 0.000000000000000000e+000 | 0.000000000000000000e+000
    3 | 5.235987755982988157e-001 | 1.825305574687953300e+000 | 1.825305574687953300e+000 | 0.000000000000000000e+000 | 0.000000000000000000e+000
    4 | 2.999999999999999889e-001 | 3.283853396698423741e+000 | 3.283853396698423741e+000 | 0.000000000000000000e+000 | 0.000000000000000000e+000
    5 | 1.570796326794896558e+000 | 4.345372080946958234e-001 | 4.345372080946958234e-001 | 0.000000000000000000e+000 | 0.000000000000000000e+000
    6 | 3.141592653589793116e+000 | 8.658953753004695247e-002 | 8.658953753004695247e-002 | 0.000000000000000000e+000 | 0.000000000000000000e+000
    7 | 4.712388980384689674e+000 | 1.796803205377728667e-002 | 1.796803205377728668e-002 | 0.000000000000000000e+000 | 0.000000000000000000e+000
    8 | 1.000000000000000000e+000 | 8.509181282393215451e-001 | 8.509181282393215451e-001 | 0.000000000000000000e+000 | 0.000000000000000000e+000
---------------------------------------------------------------------------------------------------------------------------------------
arcsinh(x)
    1 | 0.000000000000000000e+000 | 0.000000000000000000e+000 | 0.000000000000000000e+000 | 0.000000000000000000e+000 |                       nan
    2 | 1.000000000000000056e-001 | 9.983407889920756898e-002 | 9.983407889920756886e-002 | 0.000000000000000000e+000 | 0.000000000000000000e+000
    3 | 5.235987755982988157e-001 | 5.022189850346115568e-001 | 5.022189850346115574e-001 | 0.000000000000000000e+000 | 0.000000000000000000e+000
    4 | 2.999999999999999889e-001 | 2.956730475634224288e-001 | 2.956730475634224285e-001 | 0.000000000000000000e+000 | 0.000000000000000000e+000
    5 | 1.570796326794896558e+000 | 1.233403117511217024e+000 | 1.233403117511217024e+000 | 0.000000000000000000e+000 | 0.000000000000000000e+000
    6 | 3.141592653589793116e+000 | 1.862295743310848183e+000 | 1.862295743310848183e+000 | 0.000000000000000000e+000 | 0.000000000000000000e+000
    7 | 4.712388980384689674e+000 | 2.254414592992714515e+000 | 2.254414592992714515e+000 | 0.000000000000000000e+000 | 0.000000000000000000e+000
    8 | 1.000000000000000000e+000 | 8.813735870195430250e-001 | 8.813735870195430252e-001 | 0.000000000000000000e+000 | 0.000000000000000000e+000
---------------------------------------------------------------------------------------------------------------------------------------
arccosh(x)
    1 | 0.000000000000000000e+000 |                       nan |                       nan |                       nan |                       nan
    2 | 1.000000000000000056e-001 |                       nan |                       nan |                       nan |                       nan
    3 | 5.235987755982988157e-001 |                       nan |                       nan |                       nan |                       nan
    4 | 2.999999999999999889e-001 |                       nan |                       nan |                       nan |                       nan
    5 | 1.570796326794896558e+000 | 1.023227478547550528e+000 | 1.023227478547550529e+000 | 0.000000000000000000e+000 | 0.000000000000000000e+000
    6 | 3.141592653589793116e+000 | 1.811526272460853065e+000 | 1.811526272460853066e+000 | 0.000000000000000000e+000 | 0.000000000000000000e+000
    7 | 4.712388980384689674e+000 | 2.231889253058082676e+000 | 2.231889253058082676e+000 | 0.000000000000000000e+000 | 0.000000000000000000e+000
    8 | 1.000000000000000000e+000 | 0.000000000000000000e+000 | 0.000000000000000000e+000 | 0.000000000000000000e+000 |                       nan
---------------------------------------------------------------------------------------------------------------------------------------
arctanh(x)
    1 | 0.000000000000000000e+000 | 0.000000000000000000e+000 | 0.000000000000000000e+000 | 0.000000000000000000e+000 |                       nan
    2 | 1.000000000000000056e-001 | 1.003353477310755864e-001 | 1.003353477310755862e-001 | 0.000000000000000000e+000 | 0.000000000000000000e+000
    3 | 5.235987755982988157e-001 | 5.812850116947230790e-001 | 5.812850116947230793e-001 | 0.000000000000000000e+000 | 0.000000000000000000e+000
    4 | 2.999999999999999889e-001 | 3.095196042031117035e-001 | 3.095196042031117033e-001 | 0.000000000000000000e+000 | 0.000000000000000000e+000
    5 | 1.570796326794896558e+000 |                       nan |                       nan |                       nan |                       nan
    6 | 3.141592653589793116e+000 |                       nan |                       nan |                       nan |                       nan
    7 | 4.712388980384689674e+000 |                       nan |                       nan |                       nan |                       nan
    8 | 1.000000000000000000e+000 |                       nan |                       inf |                       nan |                       nan
---------------------------------------------------------------------------------------------------------------------------------------
arccsch(x)
    1 | 0.000000000000000000e+000 |                       nan |                       inf |                       nan |                       nan
    2 | 1.000000000000000056e-001 | 2.998222950297969684e+000 | 2.998222950297969684e+000 | 0.000000000000000000e+000 | 0.000000000000000000e+000
    3 | 5.235987755982988157e-001 | 1.402580998949182229e+000 | 1.402580998949182229e+000 | 0.000000000000000000e+000 | 0.000000000000000000e+000
    4 | 2.999999999999999889e-001 | 1.918896472098530980e+000 | 1.918896472098530981e+000 | 0.000000000000000000e+000 | 0.000000000000000000e+000
    5 | 1.570796326794896558e+000 | 5.999714795178569959e-001 | 5.999714795178569967e-001 | 0.000000000000000000e+000 | 0.000000000000000000e+000
    6 | 3.141592653589793116e+000 | 3.131658804508683883e-001 | 3.131658804508683876e-001 | 0.000000000000000000e+000 | 0.000000000000000000e+000
    7 | 4.712388980384689674e+000 | 2.106453571981050410e-001 | 2.106453571981050413e-001 | 0.000000000000000000e+000 | 0.000000000000000000e+000
    8 | 1.000000000000000000e+000 | 8.813735870195430250e-001 | 8.813735870195430252e-001 | 0.000000000000000000e+000 | 0.000000000000000000e+000
---------------------------------------------------------------------------------------------------------------------------------------
arcsech(x)
    1 | 0.000000000000000000e+000 |                       nan |                       inf |                       nan |                       nan
    2 | 1.000000000000000056e-001 | 2.993222846126380842e+000 | 2.993222846126380842e+000 | 0.000000000000000000e+000 | 0.000000000000000000e+000
    3 | 5.235987755982988157e-001 | 1.263276808566565697e+000 | 1.263276808566565697e+000 | 0.000000000000000000e+000 | 0.000000000000000000e+000
    4 | 2.999999999999999889e-001 | 1.873820242527414464e+000 | 1.873820242527414464e+000 | 0.000000000000000000e+000 | 0.000000000000000000e+000
    5 | 1.570796326794896558e+000 |                       nan |                       nan |                       nan |                       nan
    6 | 3.141592653589793116e+000 |                       nan |                       nan |                       nan |                       nan
    7 | 4.712388980384689674e+000 |                       nan |                       nan |                       nan |                       nan
    8 | 1.000000000000000000e+000 | 0.000000000000000000e+000 | 0.000000000000000000e+000 | 0.000000000000000000e+000 |                       nan
---------------------------------------------------------------------------------------------------------------------------------------
arccoth(x)
    1 | 0.000000000000000000e+000 |                       nan |                       nan |                       nan |                       nan
    2 | 1.000000000000000056e-001 |                       nan |                       nan |                       nan |                       nan
    3 | 5.235987755982988157e-001 |                       nan |                       nan |                       nan |                       nan
    4 | 2.999999999999999889e-001 |                       nan |                       nan |                       nan |                       nan
    5 | 1.570796326794896558e+000 | 7.524692671419272008e-001 | 7.524692671419272009e-001 | 0.000000000000000000e+000 | 0.000000000000000000e+000
    6 | 3.141592653589793116e+000 | 3.297653149566991210e-001 | 3.297653149566991214e-001 | 0.000000000000000000e+000 | 0.000000000000000000e+000
    7 | 4.712388980384689674e+000 | 2.154808610586580829e-001 | 2.154808610586580832e-001 | 0.000000000000000000e+000 | 0.000000000000000000e+000
    8 | 1.000000000000000000e+000 |                       nan |                       inf |                       nan |                       nan
---------------------------------------------------------------------------------------------------------------------------------------
sqrt(x)
    1 | 0.000000000000000000e+000 | 0.000000000000000000e+000 | 0.000000000000000000e+000 | 0.000000000000000000e+000 |                       nan
    2 | 1.000000000000000056e-001 | 3.162277660168379420e-001 | 3.162277660168379420e-001 | 0.000000000000000000e+000 | 0.000000000000000000e+000
    3 | 5.235987755982988157e-001 | 7.236012545582676197e-001 | 7.236012545582676197e-001 | 0.000000000000000000e+000 | 0.000000000000000000e+000
    4 | 2.999999999999999889e-001 | 5.477225575051661033e-001 | 5.477225575051661033e-001 | 0.000000000000000000e+000 | 0.000000000000000000e+000
    5 | 1.570796326794896558e+000 | 1.253314137315500227e+000 | 1.253314137315500227e+000 | 0.000000000000000000e+000 | 0.000000000000000000e+000
    6 | 3.141592653589793116e+000 | 1.772453850905515993e+000 | 1.772453850905515993e+000 | 0.000000000000000000e+000 | 0.000000000000000000e+000
    7 | 4.712388980384689674e+000 | 2.170803763674802936e+000 | 2.170803763674802936e+000 | 0.000000000000000000e+000 | 0.000000000000000000e+000
    8 | 1.000000000000000000e+000 | 1.000000000000000000e+000 | 1.000000000000000000e+000 | 0.000000000000000000e+000 | 0.000000000000000000e+000
---------------------------------------------------------------------------------------------------------------------------------------